4
9
15
4
35
17
4
14
18
12
5
6
5
20
7
2
7
17
4
13
7
1
1
2
1
27
2
2
21
3
6
9
31
49
10
15
15
7
6
4
19
5
30
18
37
5
1
18
6
26
5
19
9
10
17
28
26
7
7
25
1
5
3
11
16
44
6
12
25
43
14
1
15
2
7
7
1
10
9
28
7
8
1
6
9
4
4
69
17
21
8
1
10
17
2
10
41
2
42
8
1
25
8
12
19
36
6
30
32
1
7
29
8
7
21
6
35
10
12
5
1
2
1
3
7
9
22
2
5
4
4
12
18
20
5
14
3
5
6
40
24
2
1
52
8
27
6
10
2
35
6
19
3
33
20
27
5
8
8
15
23
40
19
20
22
122
23
1
6
11
2
5
20
55
29
6
5
18
7
2
16
52
13
1
21
5
13
5
14
16
20
20
13
3
59
3
12
14
41
2
4
43
3
15
24
1
17
8
61
20
14
17
10
82
6
1
21
4
3
4
3
2
13
9
2
2
2
5
3
3
34
4
46
12
4
21
5
1
23
9
15
28
23
8
13
11
11
10
3
6
12
5
2
50
2
12
33
6
12
10
3
12
8
3
1
10
10
9
10
7
4
40
25
23
5
5
21
2
48
9
11
45
14
9
1
2
13
2
9
5
3
5
51
8
1
4
2
8
22
49
2
24
17
6
9
21
19
23
31
46
1
8
1
4
4
21
12
13
45
29
8
20
7
13
3
18
5
11
2
17
17
28
26
9
25
11
15
44
35
25
7
3
12
9
58
7
36
10
25
6
7
28
28
84
4
9
41
21
3
5
18
1
5
30
26
28
4
12
6
12
14
4
9
4
14
1
21
3
6
6
10
2
11
2
19
7
50
4
7
5
10
6
5
9
9
7
3
1
27
4
16
13
27
5
4
2
5
45
43
46
3
1
22
13
13
2
4
53
8
5
7
9
29
2
18
3
13
70
2
4
22
23
1
6
1
4
1
17
16
18
3
1
16
6
2
23
3
5
29
6
5
15
9
46
1
31
24
22
4
1
28
7
13
7
2
10
3
6
5
34
14
17
60
3
8
13
17
9
24
22
5
9
13
3
9
3
6
11
24
38
2
19
20
36
4
20
6
3
14
8
2
5
3
33
3
2
8
8
6
3
10
3
26
3
22
5
12
4
5
15
13
10
13
12
3
3
35
49
10
9
3
35
14
5
3
15
5
6
13
9
17
24
27
3
11
4
16
16
7
12
19
20
9
9
2
8
18
31
5
4
9
7
21
1
13
2
33
3
5
3
12
6
11
4
5
2
1
25
24
5
1
27
15
3
13
8
5
47
17
17
1
60
2
4
3
10
2
4
1
8
8
5
17
41
12
